%YAML:1.0
calibration_time: "2019-06-16-21-21-41"
image_width: 640
image_height: 480
board_width: 6
board_height: 7
square_size: 10.
camera_matrix: !!opencv-matrix
   rows: 3
   cols: 3
   dt: d
   data: [ 9.5122141099056046e+002, 0., 2.8242287583561921e+002, 0.,
       9.5584992951141987e+002, 2.5588422630658249e+002, 0., 0., 1. ]
distortion_coefficients: !!opencv-matrix
   rows: 1
   cols: 5
   dt: d
   data: [ -9.6369483935651729e-002, -3.3771455042009357e-001,
       2.2253544494485402e-003, -4.0038182652796335e-003, 0. ]
avg_reprojection_error: 4.7888320684432983e-001
per_view_reprojection_errors: !!opencv-matrix
   rows: 25
   cols: 1
   dt: f
   data: [ 3.64890814e-001, 2.76731610e-001, 4.99968737e-001,
       3.95751894e-001, 4.27950323e-001, 3.65601033e-001,
       3.89739245e-001, 4.04051274e-001, 3.85120779e-001,
       4.07274604e-001, 8.00651908e-001, 9.07905877e-001,
       3.00398439e-001, 4.50647682e-001, 4.62874860e-001,
       4.25902128e-001, 3.15678596e-001, 3.66287053e-001,
       2.50557840e-001, 2.90721357e-001, 3.90894383e-001,
       4.65846568e-001, 8.19878638e-001, 5.60051501e-001,
       5.28839767e-001 ]
extrinsic_parameters: !!opencv-matrix
   rows: 25
   cols: 6
   dt: d
   data: [ -2.0863470936951659e-001, -1.5529342493193329e-001,
       -1.5174091725285954e+000, -3.1896218614628772e+001,
       2.2058361188521626e+001, 2.5433255619408635e+002,
       -3.5803091332801906e-001, -1.1421395864924458e-001,
       -1.5116007316230748e+000, 4.3020278881862177e+000,
       4.2135095206309650e+001, 2.5004707810080296e+002,
       -3.0252070885001120e-001, 7.3600617015646616e-002,
       -1.5185738336954311e+000, -4.0991852499194579e+001,
       2.0645205729731934e+001, 2.2837067268395788e+002,
       -4.5595574692460816e-001, 2.3818322745981352e-001,
       -1.5072706607758284e+000, 1.3961202432302853e+001,
       2.1757788413067718e+001, 2.3150991728673128e+002,
       -4.1347498240803504e-001, 1.9400186292121624e-001,
       -1.5120246802054613e+000, -1.3934694190204282e+000,
       2.1330214369425917e+001, 2.3239192856838116e+002,
       -3.1949476139052335e-001, 2.0577705474845279e-001,
       -1.5061560721236367e+000, -1.3193698346195408e+001,
       3.7063116093510073e+000, 2.3482958066239277e+002,
       -3.3643261445312689e-001, 2.1006531600096079e-001,
       -1.5060757330088392e+000, -9.2559000438952417e+000,
       5.9476667282686968e+000, 2.3662856405684502e+002,
       -3.4165963916935943e-001, 2.6040791431456578e-001,
       -1.4970614270940901e+000, 1.4432109165254856e+000,
       -4.3405754937125723e-001, 2.3656643880844160e+002,
       -3.5981102372067975e-001, 2.9834434769977719e-001,
       -1.4890138402220325e+000, 1.0382190692034456e+001,
       -3.5927351941564258e+000, 2.3455671911305728e+002,
       -2.9336197952407250e-001, 1.8412898705304398e-001,
       -1.5094425774985756e+000, -1.9310368846601722e+001,
       3.1745389140182056e+000, 2.3455127997649259e+002,
       -2.2675179627494868e-001, 5.5841935663516605e-002,
       -1.5234653111466598e+000, -5.8498798327471732e+001,
       7.4277887495661172e+000, 2.2870684093098785e+002,
       -3.3306218355604256e-001, -1.3767244100189412e-002,
       -1.4966378040991517e+000, -2.9054323578800357e+001,
       6.4830896633505279e+000, 2.2692028154970754e+002,
       -3.5212677574200912e-001, -4.2635345915120020e-002,
       -1.4481351707237848e+000, 1.1495605058808394e+001,
       3.0293915507305808e+001, 2.3899208861609381e+002,
       -4.3701303874467790e-001, 1.0906528085613228e-001,
       -1.4738516677373097e+000, 9.3581297668880978e+000,
       5.1436019834426503e+000, 2.2753252009146513e+002,
       -6.1320126468285197e-001, 2.4016993715792395e-001,
       -1.4233946083621938e+000, 7.3200877407786793e+000,
       3.1216972126204269e+001, 2.4442195116722394e+002,
       -5.6109138996168217e-001, 2.2376705053045250e-003,
       -1.4065517439681590e+000, 3.8269449893362388e+000,
       3.0160336942685174e+001, 2.3896031272616040e+002,
       -2.6161617934453063e-001, -2.2589943593157008e-001,
       -1.5125612317450818e+000, -3.7870954148187799e+001,
       4.2067597303018843e+001, 2.4927027651910595e+002,
       -3.8185779693883121e-001, -5.9401255388059460e-002,
       -1.5150415321346353e+000, -3.9527681523527527e+001,
       4.1762025482951486e+001, 2.1923721921070359e+002,
       -2.3143216935107414e-001, -2.1315884058450549e-001,
       -1.5146523691509033e+000, -3.5844430144075311e+001,
       4.4467582533663737e+001, 2.3282366022388914e+002,
       -2.4650526658990249e-001, -2.4873690663751316e-001,
       -1.4930839320418736e+000, -3.7081129965890597e+001,
       5.1615563041069500e+001, 2.7871241548750044e+002,
       -3.3398156083111380e-001, -1.0032447799383279e-001,
       -1.4463816302641035e+000, 1.3900708510621751e+000,
       2.4463150914494651e+001, 2.0774417876015156e+002,
       -2.1999980901167943e-001, -1.7865903739078526e-001,
       -1.4766379041126603e+000, -2.7260302716432165e+001,
       1.7384091304915046e+001, 2.0919434740887127e+002,
       -1.9486622113321581e-001, -2.6043147826971802e-001,
       -1.4789631110236841e+000, -5.1992906168178024e+001,
       2.5126670746922823e+001, 2.0917760935051950e+002,
       -3.0984640606915020e-001, 1.3174634975173011e-002,
       -1.4923152431982574e+000, -5.0076870543865283e+001,
       2.7842833997136545e+001, 2.1702738738948634e+002,
       -3.7796713689435302e-001, 1.3920997570930830e-002,
       -1.4807702800917963e+000, -3.9732887273157701e+001,
       3.7924509840590318e+001, 2.1773441218030288e+002 ]
image_points: !!opencv-matrix
   rows: 25
   cols: 42
   dt: "2f"
   data: [ 1.63467728e+002, 3.38771820e+002, 1.65989197e+002,
       3.02339447e+002, 1.69083725e+002, 2.65143738e+002,
       1.71655838e+002, 2.30434189e+002, 1.73952240e+002,
       1.95281677e+002, 1.76752930e+002, 1.60380875e+002,
       2.00215500e+002, 3.40330780e+002, 2.03004517e+002,
       3.03094482e+002, 2.05564209e+002, 2.67381897e+002,
       2.08228821e+002, 2.31592575e+002, 2.10292664e+002,
       1.96452515e+002, 2.12367035e+002, 1.61537384e+002,
       2.37517395e+002, 3.41828522e+002, 2.39623566e+002,
       3.04641418e+002, 2.42188065e+002, 2.68576721e+002,
       2.44299210e+002, 2.33292709e+002, 2.46375580e+002,
       1.97517532e+002, 2.48511795e+002, 1.63373138e+002,
       2.75004761e+002, 3.43698181e+002, 2.76810974e+002,
       3.06214813e+002, 2.78977417e+002, 2.69599121e+002,
       2.80509521e+002, 2.34705322e+002, 2.82724640e+002,
       1.99470627e+002, 2.84299866e+002, 1.64873734e+002,
       3.12714417e+002, 3.45625916e+002, 3.14116577e+002,
       3.08228699e+002, 3.15753296e+002, 2.71281067e+002,
       3.17062683e+002, 2.35646881e+002, 3.18613068e+002,
       2.00939087e+002, 3.20301605e+002, 1.66413574e+002,
       3.50248535e+002, 3.47551239e+002, 3.51457703e+002,
       3.09732971e+002, 3.52825775e+002, 2.72917267e+002,
       3.53728516e+002, 2.37224747e+002, 3.55003632e+002,
       2.02288849e+002, 3.56018188e+002, 1.67367294e+002,
       3.87612427e+002, 3.49344147e+002, 3.88807770e+002,
       3.11486633e+002, 3.89664429e+002, 2.74729767e+002,
       3.90405640e+002, 2.39052719e+002, 3.91293304e+002,
       2.03486954e+002, 3.91882996e+002, 1.68532944e+002,
       2.98680542e+002, 4.16736969e+002, 3.00744110e+002,
       3.78786011e+002, 3.02761749e+002, 3.41747070e+002,
       3.05333069e+002, 3.06101562e+002, 3.07364868e+002,
       2.70466705e+002, 3.09711090e+002, 2.35661789e+002,
       3.36566376e+002, 4.18405884e+002, 3.38136597e+002,
       3.80209686e+002, 3.40191284e+002, 3.43144684e+002,
       3.42223053e+002, 3.07074982e+002, 3.43757538e+002,
       2.71037506e+002, 3.45342651e+002, 2.36263000e+002,
       3.74472687e+002, 4.19869110e+002, 3.75905090e+002,
       3.81476044e+002, 3.77427673e+002, 3.44424377e+002,
       3.79085480e+002, 3.08147522e+002, 3.80496399e+002,
       2.72069824e+002, 3.81690704e+002, 2.36952545e+002,
       4.13037415e+002, 4.21535583e+002, 4.14263824e+002,
       3.82675476e+002, 4.15444397e+002, 3.45310089e+002,
       4.16339417e+002, 3.09074463e+002, 4.17393707e+002,
       2.73038116e+002, 4.18036438e+002, 2.37704102e+002,
       4.51604980e+002, 4.22991150e+002, 4.52579956e+002,
       3.84334961e+002, 4.53394501e+002, 3.46315186e+002,
       4.53711761e+002, 3.09679108e+002, 4.54478302e+002,
       2.73874878e+002, 4.54675293e+002, 2.38387512e+002,
       4.90306458e+002, 4.24576721e+002, 4.91337006e+002,
       3.85553497e+002, 4.91415863e+002, 3.47504822e+002,
       4.91460632e+002, 3.10394562e+002, 4.91514709e+002,
       2.74533691e+002, 4.91512665e+002, 2.38633545e+002,
       5.29578552e+002, 4.25612579e+002, 5.29557312e+002,
       3.86604889e+002, 5.29530518e+002, 3.48547638e+002,
       5.29230774e+002, 3.11625519e+002, 5.28784241e+002,
       2.75190857e+002, 5.28271423e+002, 2.39098679e+002,
       1.12529800e+002, 3.42659637e+002, 1.15272018e+002,
       3.00356079e+002, 1.18185371e+002, 2.59917603e+002,
       1.22821724e+002, 2.19367477e+002, 1.25099983e+002,
       1.78850739e+002, 1.28735260e+002, 1.38806274e+002,
       1.51388306e+002, 3.44637115e+002, 1.53564255e+002,
       3.01397675e+002, 1.57158386e+002, 2.60746063e+002,
       1.60701187e+002, 2.19729279e+002, 1.63109772e+002,
       1.79088531e+002, 1.65929703e+002, 1.38582336e+002,
       1.90530182e+002, 3.45994171e+002, 1.93056976e+002,
       3.03528137e+002, 1.96796478e+002, 2.61580658e+002,
       1.99731064e+002, 2.20560516e+002, 2.02459717e+002,
       1.79238449e+002, 2.05286041e+002, 1.38744476e+002,
       2.30816833e+002, 3.47920654e+002, 2.33459671e+002,
       3.04590240e+002, 2.37078384e+002, 2.62238220e+002,
       2.40366043e+002, 2.21310532e+002, 2.42860641e+002,
       1.79524338e+002, 2.45311966e+002, 1.38480133e+002,
       2.72881989e+002, 3.49864807e+002, 2.75408447e+002,
       3.06422150e+002, 2.77538574e+002, 2.63205200e+002,
       2.80692993e+002, 2.21359787e+002, 2.83322296e+002,
       1.79662506e+002, 2.85612579e+002, 1.38625732e+002,
       3.15632172e+002, 3.52322693e+002, 3.17610229e+002,
       3.07777130e+002, 3.19834473e+002, 2.64386322e+002,
       3.22356201e+002, 2.21557083e+002, 3.24738373e+002,
       1.79834656e+002, 3.26872070e+002, 1.37740829e+002,
       3.58834564e+002, 3.54487579e+002, 3.60742493e+002,
       3.09547150e+002, 3.62908173e+002, 2.65498047e+002,
       3.64891296e+002, 2.22544785e+002, 3.66758087e+002,
       1.79864410e+002, 3.68617218e+002, 1.37444443e+002,
       3.40122559e+002, 3.45650635e+002, 3.41518250e+002,
       3.04528259e+002, 3.43971680e+002, 2.63399536e+002,
       3.46723145e+002, 2.23694901e+002, 3.48234283e+002,
       1.84220520e+002, 3.49784149e+002, 1.44617569e+002,
       3.78680206e+002, 3.47438812e+002, 3.79890564e+002,
       3.05266754e+002, 3.82478149e+002, 2.63811249e+002,
       3.85116150e+002, 2.23560226e+002, 3.86145874e+002,
       1.82624451e+002, 3.88050293e+002, 1.42701187e+002,
       4.18277100e+002, 3.49309326e+002, 4.19745453e+002,
       3.06397522e+002, 4.22187256e+002, 2.64340942e+002,
       4.24321167e+002, 2.22838959e+002, 4.25506989e+002,
       1.81517899e+002, 4.27417358e+002, 1.41085938e+002,
       4.59630371e+002, 3.50682648e+002, 4.61212006e+002,
       3.07224396e+002, 4.62850311e+002, 2.64211823e+002,
       4.65134949e+002, 2.22445663e+002, 4.66281982e+002,
       1.80638428e+002, 4.67495758e+002, 1.39479462e+002,
       5.02614777e+002, 3.52447723e+002, 5.03723969e+002,
       3.08387512e+002, 5.05111023e+002, 2.64380463e+002,
       5.06835968e+002, 2.21594849e+002, 5.07751282e+002,
       1.79493225e+002, 5.08882202e+002, 1.37534668e+002,
       5.46855652e+002, 3.54278046e+002, 5.47494446e+002,
       3.09357056e+002, 5.48352112e+002, 2.64626709e+002,
       5.49482971e+002, 2.21239731e+002, 5.50603027e+002,
       1.78427628e+002, 5.51176697e+002, 1.35545609e+002,
       5.91471436e+002, 3.55718292e+002, 5.92513489e+002,
       3.10181854e+002, 5.93157471e+002, 2.65295502e+002,
       5.93691650e+002, 2.20895309e+002, 5.94061218e+002,
       1.77252197e+002, 5.94278137e+002, 1.33494110e+002,
       2.77318207e+002, 3.43647064e+002, 2.78810913e+002,
       3.02451630e+002, 2.81461884e+002, 2.61766479e+002,
       2.84608765e+002, 2.22410461e+002, 2.86357788e+002,
       1.82621826e+002, 2.88526123e+002, 1.43305527e+002,
       3.15310272e+002, 3.45566376e+002, 3.16559235e+002,
       3.03341339e+002, 3.19542236e+002, 2.62144928e+002,
       3.22740936e+002, 2.22126022e+002, 3.23755890e+002,
       1.81607697e+002, 3.26251404e+002, 1.41792999e+002,
       3.54383118e+002, 3.47287872e+002, 3.56332153e+002,
       3.04691345e+002, 3.58860321e+002, 2.62614502e+002,
       3.61300201e+002, 2.21709259e+002, 3.62872559e+002,
       1.80648087e+002, 3.65048767e+002, 1.40458389e+002,
       3.95483948e+002, 3.49198914e+002, 3.97223663e+002,
       3.05424774e+002, 3.98964600e+002, 2.63154968e+002,
       4.01580963e+002, 2.21472961e+002, 4.03195251e+002,
       1.80340775e+002, 4.04902527e+002, 1.39179153e+002,
       4.37760651e+002, 3.50620728e+002, 4.39385773e+002,
       3.06891815e+002, 4.40525513e+002, 2.63337402e+002,
       4.42606659e+002, 2.21259644e+002, 4.44085205e+002,
       1.79299011e+002, 4.45487122e+002, 1.37667725e+002,
       4.81294830e+002, 3.52490387e+002, 4.82496826e+002,
       3.07909271e+002, 4.83485748e+002, 2.63788849e+002,
       4.84922119e+002, 2.20629333e+002, 4.86211792e+002,
       1.78467438e+002, 4.87251434e+002, 1.36220078e+002,
       5.25260254e+002, 3.54323425e+002, 5.26141663e+002,
       3.09307892e+002, 5.27347839e+002, 2.64456329e+002,
       5.28243896e+002, 2.20845795e+002, 5.29424072e+002,
       1.77530197e+002, 5.29561157e+002, 1.34518768e+002,
       2.29566269e+002, 2.71184875e+002, 2.31237289e+002,
       2.30781326e+002, 2.33878265e+002, 1.90196640e+002,
       2.36941925e+002, 1.50930313e+002, 2.38638184e+002,
       1.10888733e+002, 2.41231049e+002, 7.14539413e+001,
       2.67456940e+002, 2.72670685e+002, 2.69055481e+002,
       2.31348999e+002, 2.71768494e+002, 1.90657089e+002,
       2.74556641e+002, 1.50613052e+002, 2.76491150e+002,
       1.10298164e+002, 2.78689667e+002, 7.02897186e+001,
       3.05950134e+002, 2.74281708e+002, 3.07734253e+002,
       2.32438980e+002, 3.10855988e+002, 1.91299637e+002,
       3.13447479e+002, 1.50460663e+002, 3.15117340e+002,
       1.09466011e+002, 3.17818298e+002, 6.92034683e+001,
       3.46051208e+002, 2.76213959e+002, 3.47964966e+002,
       2.33430283e+002, 3.50341888e+002, 1.91417801e+002,
       3.53178528e+002, 1.50490936e+002, 3.55230499e+002,
       1.09245338e+002, 3.57342834e+002, 6.83487930e+001,
       3.87597626e+002, 2.77665161e+002, 3.89461548e+002,
       2.34836151e+002, 3.91395020e+002, 1.92136581e+002,
       3.93778961e+002, 1.50466110e+002, 3.95774719e+002,
       1.08723236e+002, 3.97867523e+002, 6.74478912e+001,
       4.29881927e+002, 2.79856689e+002, 4.31665802e+002,
       2.36306412e+002, 4.33522308e+002, 1.92825531e+002,
       4.35554779e+002, 1.50424713e+002, 4.37507202e+002,
       1.08482590e+002, 4.39183655e+002, 6.63381348e+001,
       4.73345551e+002, 2.81697876e+002, 4.74870789e+002,
       2.37572083e+002, 4.76979126e+002, 1.93888184e+002,
       4.78370575e+002, 1.50857788e+002, 4.79909790e+002,
       1.08193344e+002, 4.81369537e+002, 6.53743668e+001,
       2.46206451e+002, 2.80219299e+002, 2.47510117e+002,
       2.39411606e+002, 2.50136795e+002, 2.00087738e+002,
       2.52786407e+002, 1.60491959e+002, 2.54935028e+002,
       1.21116135e+002, 2.57159271e+002, 8.21922379e+001,
       2.83094574e+002, 2.81318176e+002, 2.84760345e+002,
       2.40664810e+002, 2.87751221e+002, 2.00248016e+002,
       2.90465057e+002, 1.60581650e+002, 2.92256531e+002,
       1.20565926e+002, 2.94327393e+002, 8.09015808e+001,
       3.21665802e+002, 2.83174377e+002, 3.23404938e+002,
       2.41545166e+002, 3.26087311e+002, 2.00806381e+002,
       3.28889404e+002, 1.60347961e+002, 3.30718964e+002,
       1.19675606e+002, 3.32910980e+002, 7.97416840e+001,
       3.61631500e+002, 2.85160248e+002, 3.63528564e+002,
       2.42540649e+002, 3.65534698e+002, 2.00964828e+002,
       3.68712433e+002, 1.60305954e+002, 3.70431061e+002,
       1.19370796e+002, 3.72614838e+002, 7.87171783e+001,
       4.02952271e+002, 2.86708679e+002, 4.04666748e+002,
       2.43971832e+002, 4.06677979e+002, 2.01490005e+002,
       4.08823608e+002, 1.60155396e+002, 4.10875977e+002,
       1.18767830e+002, 4.12642456e+002, 7.76871414e+001,
       4.45349548e+002, 2.88718262e+002, 4.46807465e+002,
       2.45419708e+002, 4.48594391e+002, 2.02301926e+002,
       4.50518982e+002, 1.60111374e+002, 4.52332245e+002,
       1.18496964e+002, 4.53658264e+002, 7.65834732e+001,
       4.88032135e+002, 2.90593567e+002, 4.89517670e+002,
       2.46556900e+002, 4.91467194e+002, 2.03351303e+002,
       4.93362122e+002, 1.60495529e+002, 4.94590118e+002,
       1.17977806e+002, 4.95615143e+002, 7.55340424e+001,
       2.88584229e+002, 2.54384705e+002, 2.90102722e+002,
       2.14134109e+002, 2.93004395e+002, 1.73740067e+002,
       2.95778168e+002, 1.34592850e+002, 2.97755554e+002,
       9.50046921e+001, 2.99638733e+002, 5.54759521e+001,
       3.26502777e+002, 2.55673660e+002, 3.27815857e+002,
       2.14681946e+002, 3.30711609e+002, 1.74343399e+002,
       3.33548004e+002, 1.34438812e+002, 3.34990723e+002,
       9.38251953e+001, 3.37395752e+002, 5.39077415e+001,
       3.65176361e+002, 2.57404785e+002, 3.66740875e+002,
       2.15718719e+002, 3.69566284e+002, 1.74744705e+002,
       3.72264618e+002, 1.34004517e+002, 3.73916565e+002,
       9.32674484e+001, 3.76347961e+002, 5.28932610e+001,
       4.05425293e+002, 2.59536255e+002, 4.07393402e+002,
       2.16902740e+002, 4.09435913e+002, 1.74754929e+002,
       4.12347504e+002, 1.33781174e+002, 4.13983307e+002,
       9.25780029e+001, 4.16114655e+002, 5.17434158e+001,
       4.47138947e+002, 2.61377594e+002, 4.48928070e+002,
       2.18297806e+002, 4.50641815e+002, 1.75396301e+002,
       4.53073212e+002, 1.33644913e+002, 4.55161041e+002,
       9.23039474e+001, 4.56622742e+002, 5.07709427e+001,
       4.89576324e+002, 2.63323364e+002, 4.91500671e+002,
       2.19494095e+002, 4.93239136e+002, 1.76230927e+002,
       4.95100372e+002, 1.33538406e+002, 4.96639465e+002,
       9.15764160e+001, 4.97874329e+002, 4.93059616e+001,
       5.32609192e+002, 2.65276459e+002, 5.34282898e+002,
       2.20907867e+002, 5.36140686e+002, 1.77181992e+002,
       5.37969910e+002, 1.34095901e+002, 5.39454712e+002,
       9.12031021e+001, 5.40589539e+002, 4.83577194e+001,
       3.25129974e+002, 2.41210449e+002, 3.26430237e+002,
       2.00771744e+002, 3.29143707e+002, 1.60359619e+002,
       3.31932159e+002, 1.20692329e+002, 3.33651978e+002,
       8.05832825e+001, 3.35798126e+002, 4.07837524e+001,
       3.63130646e+002, 2.43008652e+002, 3.64686737e+002,
       2.01471024e+002, 3.67429260e+002, 1.60574554e+002,
       3.70606506e+002, 1.20244362e+002, 3.71821320e+002,
       7.93164139e+001, 3.74182434e+002, 3.91788254e+001,
       4.02257996e+002, 2.44768921e+002, 4.04031219e+002,
       2.02697006e+002, 4.06919647e+002, 1.60974426e+002,
       4.09386597e+002, 1.19740768e+002, 4.11279694e+002,
       7.85169373e+001, 4.13512848e+002, 3.77683449e+001,
       4.43057526e+002, 2.46508377e+002, 4.45115601e+002,
       2.03626251e+002, 4.47329987e+002, 1.61231476e+002,
       4.49870117e+002, 1.19487617e+002, 4.51731689e+002,
       7.78809967e+001, 4.53751190e+002, 3.65293312e+001,
       4.85292053e+002, 2.48414795e+002, 4.87330902e+002,
       2.05086761e+002, 4.89225647e+002, 1.61608612e+002,
       4.91503174e+002, 1.19459625e+002, 4.93463013e+002,
       7.72878189e+001, 4.95006561e+002, 3.53878517e+001,
       5.28201416e+002, 2.50540466e+002, 5.30325256e+002,
       2.06438171e+002, 5.31826111e+002, 1.62450500e+002,
       5.33753845e+002, 1.19185051e+002, 5.35622070e+002,
       7.64831009e+001, 5.37375427e+002, 3.39607277e+001,
       5.72274414e+002, 2.52516830e+002, 5.74366028e+002,
       2.07771225e+002, 5.75789978e+002, 1.63294525e+002,
       5.77849609e+002, 1.19521011e+002, 5.79432068e+002,
       7.61278992e+001, 5.80471497e+002, 3.25095062e+001,
       2.05050400e+002, 2.68850403e+002, 2.06448639e+002,
       2.28239304e+002, 2.08800430e+002, 1.88079605e+002,
       2.11723694e+002, 1.48285950e+002, 2.13725494e+002,
       1.08506454e+002, 2.16242645e+002, 6.88868942e+001,
       2.42665680e+002, 2.70506653e+002, 2.44593338e+002,
       2.29193619e+002, 2.47090668e+002, 1.88874985e+002,
       2.49835449e+002, 1.48778656e+002, 2.51736725e+002,
       1.08148102e+002, 2.54244324e+002, 6.79945068e+001,
       2.80872345e+002, 2.72184357e+002, 2.83210693e+002,
       2.30923599e+002, 2.86087433e+002, 1.89303253e+002,
       2.88637360e+002, 1.48483383e+002, 2.90342560e+002,
       1.07648041e+002, 2.93457764e+002, 6.74389420e+001,
       3.21398956e+002, 2.73722229e+002, 3.23280670e+002,
       2.31334229e+002, 3.25551422e+002, 1.89559692e+002,
       3.28632996e+002, 1.48527466e+002, 3.30607819e+002,
       1.07500259e+002, 3.32816101e+002, 6.66387405e+001,
       3.62843750e+002, 2.75550720e+002, 3.64632538e+002,
       2.32863297e+002, 3.66628113e+002, 1.90314407e+002,
       3.69028778e+002, 1.48548553e+002, 3.71269226e+002,
       1.07116692e+002, 3.73162292e+002, 6.60213470e+001,
       4.05175812e+002, 2.77675140e+002, 4.06783997e+002,
       2.34266144e+002, 4.08527832e+002, 1.91085815e+002,
       4.10687256e+002, 1.48535965e+002, 4.12788849e+002,
       1.06948524e+002, 4.14396912e+002, 6.48330688e+001,
       4.47804474e+002, 2.79527435e+002, 4.49566010e+002,
       2.35622665e+002, 4.51450134e+002, 1.92014679e+002,
       4.53392334e+002, 1.49380219e+002, 4.55045135e+002,
       1.06631271e+002, 4.56683319e+002, 6.41803665e+001,
       4.02288628e+001, 2.86709412e+002, 4.42632866e+001,
       2.46286682e+002, 4.49182396e+001, 2.04822311e+002,
       5.19088287e+001, 1.65388779e+002, 5.24442863e+001,
       1.24553200e+002, 5.80761185e+001, 8.55836334e+001,
       7.96920547e+001, 2.89527496e+002, 8.07025528e+001,
       2.47091095e+002, 8.58132248e+001, 2.05520721e+002,
       8.80217896e+001, 1.65563904e+002, 9.15706787e+001,
       1.23752197e+002, 9.35623703e+001, 8.42215881e+001,
       1.17697220e+002, 2.89332306e+002, 1.21007805e+002,
       2.47674744e+002, 1.23581024e+002, 2.05802856e+002,
       1.27596764e+002, 1.65522430e+002, 1.29256653e+002,
       1.24262749e+002, 1.33696640e+002, 8.44716797e+001,
       1.59152222e+002, 2.91519501e+002, 1.61594376e+002,
       2.48461975e+002, 1.63614059e+002, 2.06660934e+002,
       1.67568054e+002, 1.65168991e+002, 1.69460388e+002,
       1.24631859e+002, 1.72202896e+002, 8.36129761e+001,
       2.00131226e+002, 2.92843964e+002, 2.02604767e+002,
       2.50409271e+002, 2.04611298e+002, 2.07382919e+002,
       2.07755112e+002, 1.65785477e+002, 2.10411804e+002,
       1.24729187e+002, 2.12898819e+002, 8.36771851e+001,
       2.42438797e+002, 2.95009094e+002, 2.44727554e+002,
       2.51723587e+002, 2.46491241e+002, 2.09202789e+002,
       2.48737320e+002, 1.66978989e+002, 2.51539200e+002,
       1.25402290e+002, 2.53863419e+002, 8.32943192e+001,
       2.84420532e+002, 2.96443115e+002, 2.86717438e+002,
       2.53250580e+002, 2.88704742e+002, 2.10208771e+002,
       2.90736481e+002, 1.67907867e+002, 2.92797455e+002,
       1.25603783e+002, 2.95098969e+002, 8.36659088e+001,
       1.61899918e+002, 2.78331970e+002, 1.64651398e+002,
       2.42690491e+002, 1.69477539e+002, 2.02646423e+002,
       1.74524002e+002, 1.63819275e+002, 1.77994904e+002,
       1.24635895e+002, 1.82887802e+002, 8.66982651e+001,
       2.01200974e+002, 2.85957275e+002, 2.04513870e+002,
       2.43893066e+002, 2.09031921e+002, 2.03566025e+002,
       2.13575455e+002, 1.64441559e+002, 2.17043671e+002,
       1.25161026e+002, 2.20970657e+002, 8.68574066e+001,
       2.41445648e+002, 2.87275360e+002, 2.45437164e+002,
       2.45284851e+002, 2.49523834e+002, 2.04357697e+002,
       2.53305344e+002, 1.65168793e+002, 2.56735168e+002,
       1.25099983e+002, 2.60647949e+002, 8.71055832e+001,
       2.83651886e+002, 2.88970032e+002, 2.86809570e+002,
       2.46492981e+002, 2.90404358e+002, 2.05263855e+002,
       2.94214233e+002, 1.65658997e+002, 2.97275848e+002,
       1.25982094e+002, 3.00496338e+002, 8.72149506e+001,
       3.26192139e+002, 2.91003845e+002, 3.29035339e+002,
       2.48239441e+002, 3.32312256e+002, 2.06335968e+002,
       3.35193756e+002, 1.66096176e+002, 3.38505005e+002,
       1.26460724e+002, 3.40922791e+002, 8.70874405e+001,
       3.69549164e+002, 2.93392609e+002, 3.72208282e+002,
       2.49832840e+002, 3.74626495e+002, 2.07367493e+002,
       3.77237823e+002, 1.66609268e+002, 3.79653595e+002,
       1.26805130e+002, 3.82016296e+002, 8.70528793e+001,
       4.13537781e+002, 2.95429749e+002, 4.15593658e+002,
       2.51630997e+002, 4.17742706e+002, 2.08866379e+002,
       4.19757660e+002, 1.67691193e+002, 4.21754730e+002,
       1.27132439e+002, 4.23561676e+002, 8.69747086e+001,
       3.27925018e+002, 3.77270355e+002, 3.32518066e+002,
       3.37454437e+002, 3.36868378e+002, 2.99126373e+002,
       3.42215607e+002, 2.61455750e+002, 3.46589386e+002,
       2.24420547e+002, 3.50738556e+002, 1.87775558e+002,
       3.67537781e+002, 3.81327789e+002, 3.71580780e+002,
       3.41364807e+002, 3.76233215e+002, 3.02824402e+002,
       3.80544952e+002, 2.64874054e+002, 3.84496246e+002,
       2.27326538e+002, 3.88434906e+002, 1.90601730e+002,
       4.07180725e+002, 3.85530701e+002, 4.11441193e+002,
       3.45414703e+002, 4.15276489e+002, 3.06338715e+002,
       4.19446960e+002, 2.68217529e+002, 4.23044891e+002,
       2.30330872e+002, 4.26520905e+002, 1.93483063e+002,
       4.47554169e+002, 3.89605957e+002, 4.51486816e+002,
       3.49105591e+002, 4.55123932e+002, 3.09638733e+002,
       4.58653595e+002, 2.71568756e+002, 4.61737701e+002,
       2.33558563e+002, 4.65167969e+002, 1.96426239e+002,
       4.88428375e+002, 3.93695282e+002, 4.91592468e+002,
       3.53176056e+002, 4.95280731e+002, 3.13232605e+002,
       4.98030670e+002, 2.74606842e+002, 5.01070404e+002,
       2.36639236e+002, 5.03616333e+002, 1.99220245e+002,
       5.29383972e+002, 3.97963654e+002, 5.32412109e+002,
       3.57024567e+002, 5.35521973e+002, 3.16766815e+002,
       5.37829895e+002, 2.77652557e+002, 5.40559692e+002,
       2.39811035e+002, 5.43196289e+002, 2.01868195e+002,
       5.70834412e+002, 4.02041321e+002, 5.73564209e+002,
       3.60869720e+002, 5.75994019e+002, 3.20460419e+002,
       5.77804138e+002, 2.81296844e+002, 5.79957886e+002,
       2.42567261e+002, 5.82083008e+002, 2.04649384e+002,
       3.21891602e+002, 2.77740814e+002, 3.25106018e+002,
       2.36417923e+002, 3.29455139e+002, 1.96568695e+002,
       3.33880341e+002, 1.57899216e+002, 3.37307587e+002,
       1.18767944e+002, 3.40758118e+002, 8.06625748e+001,
       3.62331116e+002, 2.79494904e+002, 3.65322479e+002,
       2.37544983e+002, 3.69372101e+002, 1.97178650e+002,
       3.73259399e+002, 1.57772949e+002, 3.76367920e+002,
       1.18273170e+002, 3.79721985e+002, 7.95967941e+001,
       4.03232697e+002, 2.81301941e+002, 4.06352661e+002,
       2.38708115e+002, 4.10023315e+002, 1.97552353e+002,
       4.13459686e+002, 1.57805420e+002, 4.16470001e+002,
       1.17688843e+002, 4.19512085e+002, 7.92344818e+001,
       4.45562225e+002, 2.83258209e+002, 4.48805115e+002,
       2.39909103e+002, 4.51622131e+002, 1.98075897e+002,
       4.55056885e+002, 1.58148895e+002, 4.57486511e+002,
       1.18125435e+002, 4.60032379e+002, 7.86559372e+001,
       4.89530365e+002, 2.85395142e+002, 4.92062286e+002,
       2.41494781e+002, 4.94461914e+002, 1.98573303e+002,
       4.97409393e+002, 1.58248978e+002, 4.99503998e+002,
       1.17619545e+002, 5.01492188e+002, 7.82836914e+001,
       5.33830017e+002, 2.87485992e+002, 5.35885010e+002,
       2.43224976e+002, 5.38263733e+002, 1.99653809e+002,
       5.40128845e+002, 1.58223328e+002, 5.41936707e+002,
       1.17471123e+002, 5.43588013e+002, 7.72096024e+001,
       5.79397766e+002, 2.89564667e+002, 5.81288208e+002,
       2.44459961e+002, 5.82584717e+002, 2.00743439e+002,
       5.83876770e+002, 1.58808548e+002, 5.85417786e+002,
       1.17401947e+002, 5.86489014e+002, 7.63609238e+001,
       3.11289490e+002, 3.78060883e+002, 3.16199158e+002,
       3.39189148e+002, 3.21930939e+002, 3.01376984e+002,
       3.28520081e+002, 2.64642303e+002, 3.33206299e+002,
       2.27563614e+002, 3.38255127e+002, 1.91279205e+002,
       3.45454132e+002, 3.81792847e+002, 3.50106262e+002,
       3.42031372e+002, 3.56212921e+002, 3.03329926e+002,
       3.62367218e+002, 2.65550842e+002, 3.66783295e+002,
       2.27639420e+002, 3.71918579e+002, 1.91045120e+002,
       3.80470947e+002, 3.85499512e+002, 3.85534943e+002,
       3.44813293e+002, 3.91529236e+002, 3.05524292e+002,
       3.97498657e+002, 2.66931427e+002, 4.01767059e+002,
       2.28436752e+002, 4.07103333e+002, 1.91091446e+002,
       4.17825195e+002, 3.89259277e+002, 4.23129974e+002,
       3.47738800e+002, 4.27920197e+002, 3.07466766e+002,
       4.33908997e+002, 2.68371185e+002, 4.38422424e+002,
       2.29333008e+002, 4.43203613e+002, 1.91000412e+002,
       4.56989380e+002, 3.93266754e+002, 4.61564728e+002,
       3.51106934e+002, 4.65973541e+002, 3.09479309e+002,
       4.71584473e+002, 2.69443573e+002, 4.76337616e+002,
       2.29813126e+002, 4.80543304e+002, 1.90638519e+002,
       4.97631012e+002, 3.97354736e+002, 5.01800781e+002,
       3.54302032e+002, 5.06303864e+002, 3.11729523e+002,
       5.10998871e+002, 2.70541779e+002, 5.15497314e+002,
       2.30440384e+002, 5.19169434e+002, 1.90280029e+002,
       5.39311340e+002, 4.01563629e+002, 5.43390564e+002,
       3.57641296e+002, 5.47424011e+002, 3.14392365e+002,
       5.51777771e+002, 2.72526031e+002, 5.55795654e+002,
       2.30673340e+002, 5.59366943e+002, 1.89713715e+002,
       2.97681000e+002, 3.76943695e+002, 3.04403137e+002,
       3.38111694e+002, 3.11283081e+002, 3.00798004e+002,
       3.18734528e+002, 2.65211792e+002, 3.24908142e+002,
       2.29382996e+002, 3.31255798e+002, 1.94703018e+002,
       3.35403076e+002, 3.80960052e+002, 3.41403351e+002,
       3.41489655e+002, 3.48605652e+002, 3.03810486e+002,
       3.55334808e+002, 2.67491852e+002, 3.60991547e+002,
       2.31261368e+002, 3.67100891e+002, 1.96116074e+002,
       3.73780975e+002, 3.84875549e+002, 3.79826385e+002,
       3.44847687e+002, 3.86405518e+002, 3.06729767e+002,
       3.92598328e+002, 2.69828888e+002, 3.97945221e+002,
       2.33154999e+002, 4.03712433e+002, 1.97816406e+002,
       4.13626495e+002, 3.89137146e+002, 4.19393066e+002,
       3.48568542e+002, 4.25223022e+002, 3.09508392e+002,
       4.31052124e+002, 2.72523438e+002, 4.36281342e+002,
       2.35517181e+002, 4.41342407e+002, 1.99563187e+002,
       4.55050751e+002, 3.93497894e+002, 4.60044464e+002,
       3.52549652e+002, 4.65086609e+002, 3.12515533e+002,
       4.70322021e+002, 2.74730103e+002, 4.75301910e+002,
       2.37602341e+002, 4.79533661e+002, 2.01080505e+002,
       4.97017731e+002, 3.98144226e+002, 5.01492004e+002,
       3.56302460e+002, 5.06152679e+002, 3.15652588e+002,
       5.10387909e+002, 2.77143219e+002, 5.14802551e+002,
       2.39516434e+002, 5.18921143e+002, 2.02327820e+002,
       5.39446594e+002, 4.02388306e+002, 5.43583435e+002, 360.,
       5.47635986e+002, 3.19347778e+002, 5.51505310e+002,
       2.79961945e+002, 5.55326416e+002, 2.41495529e+002,
       5.58363037e+002, 2.03426910e+002, 1.38253067e+002,
       4.16672058e+002, 1.41604523e+002, 3.79069275e+002,
       1.44724289e+002, 3.42271637e+002, 1.48226730e+002,
       3.06647247e+002, 1.51773834e+002, 2.70393494e+002,
       1.54643417e+002, 2.36227417e+002, 1.76129776e+002,
       4.18610504e+002, 1.78855408e+002, 3.80483643e+002,
       1.81809296e+002, 3.43492920e+002, 1.85341415e+002,
       3.07633698e+002, 1.87730713e+002, 2.72574890e+002,
       1.90759918e+002, 2.36960632e+002, 2.14022675e+002,
       4.20229309e+002, 2.16531677e+002, 3.81908386e+002,
       2.19072586e+002, 3.45305634e+002, 2.21440598e+002,
       3.09152832e+002, 2.24176590e+002, 2.73748444e+002,
       2.26480850e+002, 2.39145355e+002, 2.52257034e+002,
       4.22189758e+002, 2.54109833e+002, 3.83704102e+002,
       2.56265900e+002, 3.46786224e+002, 2.58504028e+002,
       3.10861908e+002, 2.60413300e+002, 2.75231171e+002,
       2.62541656e+002, 2.40662659e+002, 2.90583984e+002,
       4.23675476e+002, 2.92223877e+002, 3.85633209e+002,
       2.93631134e+002, 3.48384674e+002, 2.95149872e+002,
       3.12311798e+002, 2.96793488e+002, 2.76894684e+002,
       2.98419708e+002, 2.41878998e+002, 3.28577301e+002,
       4.25522949e+002, 3.29750336e+002, 3.87436432e+002,
       3.31087494e+002, 3.49795410e+002, 3.32195160e+002,
       3.13439941e+002, 3.33246338e+002, 2.78383820e+002,
       3.34479034e+002, 2.43022125e+002, 3.66577118e+002,
       4.27464478e+002, 3.67599060e+002, 3.89165070e+002,
       3.68616974e+002, 3.51639252e+002, 3.69043396e+002,
       3.15598114e+002, 3.69677216e+002, 2.79506836e+002,
       3.70592377e+002, 2.44294891e+002, 1.12518082e+002,
       4.36395050e+002, 1.16484459e+002, 3.94055634e+002,
       1.20473564e+002, 3.51684570e+002, 1.25766716e+002,
       3.11023102e+002, 1.29752930e+002, 2.70319458e+002,
       1.34674362e+002, 2.30512924e+002, 1.52581650e+002,
       4.39306152e+002, 1.56460464e+002, 3.95572968e+002,
       1.61098816e+002, 3.53254333e+002, 1.65562012e+002,
       3.10982300e+002, 1.69273727e+002, 2.70443024e+002,
       1.73542236e+002, 2.30425201e+002, 1.94123123e+002,
       4.41686218e+002, 1.97591949e+002, 3.97355469e+002,
       2.01665619e+002, 3.54308899e+002, 2.05726547e+002,
       3.12408997e+002, 2.09557190e+002, 2.70538147e+002,
       2.13462891e+002, 2.30722794e+002, 2.36781921e+002,
       4.43767303e+002, 2.40383102e+002, 3.99147186e+002,
       2.43433090e+002, 3.55337250e+002, 2.46919388e+002,
       3.12898071e+002, 2.50522430e+002, 2.71653503e+002,
       2.53805344e+002, 2.31176132e+002, 2.80908813e+002,
       4.46026337e+002, 2.83464630e+002, 4.01112366e+002,
       2.86386749e+002, 3.56869781e+002, 2.89246185e+002,
       3.13958466e+002, 2.92213684e+002, 2.72125427e+002,
       2.94874084e+002, 2.30889694e+002, 3.25188202e+002,
       4.48380707e+002, 3.27422668e+002, 4.02939484e+002,
       3.29791077e+002, 3.58496429e+002, 3.32194702e+002,
       3.14829163e+002, 3.34601135e+002, 2.72494965e+002,
       3.36750763e+002, 2.30727249e+002, 3.70258209e+002,
       4.50659363e+002, 3.72096832e+002, 4.04842926e+002,
       3.73915436e+002, 3.59611206e+002, 3.75695770e+002,
       3.16192871e+002, 3.77551788e+002, 2.73092377e+002,
       3.79185608e+002, 2.30755417e+002, 1.36765976e+002,
       4.38066803e+002, 1.39676636e+002, 3.96804718e+002,
       1.43040375e+002, 3.57089081e+002, 1.46472610e+002,
       3.18213867e+002, 1.49731674e+002, 2.79794922e+002,
       1.53398972e+002, 2.42704117e+002, 1.77231323e+002,
       4.39515778e+002, 1.79602859e+002, 3.98860870e+002,
       1.82829956e+002, 3.58734283e+002, 1.86043243e+002,
       3.20095001e+002, 1.88599319e+002, 2.81454102e+002,
       1.91491653e+002, 2.44284271e+002, 2.17564133e+002,
       4.41597839e+002, 2.19839066e+002, 4.00439728e+002,
       2.22428391e+002, 3.60868866e+002, 2.25027786e+002,
       3.21501404e+002, 2.27515976e+002, 2.82920837e+002,
       2.30163193e+002, 2.45875229e+002, 2.58517609e+002,
       4.43340851e+002, 2.60547791e+002, 4.02589661e+002,
       2.62584076e+002, 3.62589508e+002, 2.64661041e+002,
       3.23470306e+002, 2.66574677e+002, 2.84864166e+002,
       2.68777893e+002, 2.47317459e+002, 2.99237213e+002,
       4.45369202e+002, 3.00980408e+002, 4.04454315e+002,
       3.02542358e+002, 3.64303009e+002, 3.03984192e+002,
       3.25079193e+002, 3.05476227e+002, 2.86686951e+002,
       3.07005493e+002, 2.48963211e+002, 3.39837891e+002,
       4.47385437e+002, 3.41199158e+002, 4.06355743e+002,
       3.42558472e+002, 3.66027100e+002, 3.43378326e+002,
       3.26695282e+002, 3.44550629e+002, 2.88582001e+002,
       3.45598846e+002, 2.50514389e+002, 3.80433350e+002,
       4.49109344e+002, 3.81439911e+002, 4.07868500e+002,
       3.82414185e+002, 3.67643646e+002, 3.82772583e+002,
       3.28488403e+002, 3.83502747e+002, 2.89931519e+002,
       3.84321411e+002, 2.51826370e+002, 1.56271652e+002,
       4.32392334e+002, 1.59471527e+002, 3.98282715e+002,
       1.62966339e+002, 3.65428802e+002, 1.65753891e+002,
       3.32864807e+002, 1.69433350e+002, 3.01229248e+002,
       1.73043472e+002, 2.69836060e+002, 1.90449982e+002,
       4.34613098e+002, 1.92837662e+002, 4.00458679e+002,
       1.96149734e+002, 3.67371887e+002, 1.98850266e+002,
       3.34916870e+002, 2.02072662e+002, 3.02644562e+002,
       2.05124954e+002, 2.71483887e+002, 2.23830414e+002,
       4.36791412e+002, 2.26801071e+002, 4.02901581e+002,
       2.28929596e+002, 3.69422455e+002, 2.32008209e+002,
       3.37325134e+002, 2.34500565e+002, 3.04894562e+002,
       2.37156067e+002, 2.73584045e+002, 2.58152252e+002,
       4.38949890e+002, 2.60308441e+002, 4.04791687e+002,
       2.62580475e+002, 3.71432709e+002, 2.64796539e+002,
       3.39220154e+002, 2.67170166e+002, 3.07086273e+002,
       2.69234192e+002, 2.75642853e+002, 2.92115692e+002,
       4.41292938e+002, 2.94151581e+002, 4.07287140e+002,
       2.96029694e+002, 3.73436096e+002, 2.97812225e+002,
       3.41345276e+002, 2.99683014e+002, 3.09329010e+002,
       3.01470123e+002, 2.77908295e+002, 3.26163208e+002,
       4.43492126e+002, 3.27601288e+002, 4.09482971e+002,
       3.29365875e+002, 3.75734772e+002, 3.30604431e+002,
       3.43378143e+002, 3.32401947e+002, 3.11449890e+002,
       3.33766327e+002, 2.79441467e+002, 3.59759674e+002,
       4.45436523e+002, 3.61474792e+002, 4.11543121e+002,
       3.62554108e+002, 3.77941010e+002, 3.63573303e+002,
       3.45521362e+002, 3.64945892e+002, 3.13483093e+002,
       3.66221863e+002, 2.81234589e+002, 2.88555786e+002,
       3.68865265e+002, 2.94120911e+002, 3.23314606e+002,
       2.99904388e+002, 2.79571350e+002, 3.05639984e+002,
       2.37891922e+002, 3.11071533e+002, 1.95720810e+002,
       3.16257812e+002, 1.55357483e+002, 3.34228058e+002,
       3.73489014e+002, 3.39073242e+002, 3.27703003e+002,
       3.44573975e+002, 2.83823090e+002, 3.49359222e+002,
       2.41440796e+002, 3.54290283e+002, 1.99218506e+002,
       3.58916138e+002, 1.58357986e+002, 3.80028259e+002,
       3.78433472e+002, 3.84656128e+002, 3.32422455e+002,
       3.89256927e+002, 2.88092957e+002, 3.93604950e+002,
       2.45015472e+002, 3.97818237e+002, 2.02661560e+002,
       4.02345459e+002, 1.61769714e+002, 4.26480255e+002,
       3.83223572e+002, 4.30655243e+002, 3.36833282e+002,
       4.34610168e+002, 2.91819305e+002, 4.38282501e+002,
       2.49238846e+002, 4.42057770e+002, 2.06892059e+002,
       4.45597076e+002, 1.65513214e+002, 4.73331665e+002,
       3.87843567e+002, 4.76796204e+002, 3.41549591e+002,
       4.80434937e+002, 2.96218079e+002, 4.83494537e+002,
       2.52852264e+002, 4.86536896e+002, 2.10511002e+002,
       4.89472809e+002, 1.68781906e+002, 5.19608826e+002,
       3.92981659e+002, 5.23378784e+002, 3.45975342e+002,
       5.26191589e+002, 3.00460907e+002, 5.28794861e+002,
       2.56504517e+002, 5.31377869e+002, 2.14257278e+002,
       5.33493652e+002, 1.71997665e+002, 5.67038635e+002,
       3.97552307e+002, 5.69674377e+002, 3.50425903e+002,
       5.71927002e+002, 3.04774475e+002, 5.73669128e+002,
       2.60892395e+002, 5.75676392e+002, 2.17598434e+002,
       5.77584473e+002, 1.75045242e+002, 1.58269669e+002,
       3.36384766e+002, 1.63578552e+002, 2.90826996e+002,
       1.69339691e+002, 2.47111038e+002, 1.74206985e+002,
       2.05592926e+002, 1.78824738e+002, 1.64143921e+002,
       1.84266678e+002, 1.22868668e+002, 2.03682648e+002,
       3.39300385e+002, 2.08644852e+002, 2.93999298e+002,
       2.13519882e+002, 2.50803101e+002, 2.18439148e+002,
       2.09115036e+002, 2.22636566e+002, 1.67164276e+002,
       2.26729126e+002, 1.26300865e+002, 2.48736282e+002,
       3.42816895e+002, 2.53141479e+002, 2.97724243e+002,
       2.57571442e+002, 2.54628189e+002, 2.61634979e+002,
       2.12791321e+002, 2.65657532e+002, 1.70569565e+002,
       2.69654480e+002, 1.30219345e+002, 2.94467407e+002,
       3.46830444e+002, 2.98393585e+002, 3.01361023e+002,
       3.01756348e+002, 2.57647217e+002, 3.05396362e+002,
       2.15822952e+002, 3.09111542e+002, 1.74430695e+002,
       3.12567810e+002, 1.33542755e+002, 3.39893799e+002,
       3.50607513e+002, 3.43182312e+002, 3.05203125e+002,
       3.46496490e+002, 2.61091125e+002, 3.49414246e+002,
       2.19196426e+002, 3.52457031e+002, 1.77651123e+002,
       3.55327606e+002, 1.36894669e+002, 3.85321136e+002,
       3.54766663e+002, 3.87946838e+002, 3.09401733e+002,
       3.91061279e+002, 2.65038483e+002, 3.93377014e+002,
       2.22369247e+002, 3.95625610e+002, 1.81092789e+002,
       3.98071838e+002, 1.39842224e+002, 4.30637482e+002,
       3.58459625e+002, 4.33381470e+002, 3.13301147e+002,
       4.35541046e+002, 2.68762634e+002, 4.37266083e+002,
       2.26338516e+002, 4.39170441e+002, 1.84434036e+002,
       4.40883636e+002, 1.43275589e+002, 4.77143784e+001,
       3.70119202e+002, 5.45073891e+001, 3.25798767e+002,
       5.75454597e+001, 2.82811340e+002, 6.73763885e+001,
       2.41936111e+002, 6.99468765e+001, 1.99700195e+002,
       7.95330963e+001, 1.59768875e+002, 9.24220810e+001,
       3.74552429e+002, 9.65485916e+001, 3.29861420e+002,
       1.04111237e+002, 2.86513550e+002, 1.08169228e+002,
       2.44744141e+002, 1.14742340e+002, 2.03272644e+002,
       1.18363579e+002, 1.62722900e+002, 1.36691666e+002,
       3.78061554e+002, 1.42351639e+002, 3.32957092e+002,
       1.46830429e+002, 2.89823700e+002, 1.52328003e+002,
       2.48379440e+002, 1.56530273e+002, 2.06497818e+002,
       1.62284348e+002, 1.66799683e+002, 1.82422638e+002,
       3.81112762e+002, 1.86714355e+002, 3.36741882e+002,
       1.91633408e+002, 2.93409119e+002, 1.96382309e+002,
       2.51608887e+002, 1.99997894e+002, 2.10920593e+002,
       2.03543671e+002, 1.70785950e+002, 2.27439606e+002,
       3.85330109e+002, 2.31496719e+002, 3.40474091e+002,
       2.35386307e+002, 2.96852356e+002, 2.39443817e+002,
       2.55410812e+002, 2.42767456e+002, 2.14744492e+002,
       2.46330902e+002, 1.74522583e+002, 2.72589264e+002,
       3.89196777e+002, 2.75780792e+002, 3.44541351e+002,
       2.79316742e+002, 3.00631592e+002, 2.82271210e+002,
       2.59093414e+002, 2.85449982e+002, 2.18328949e+002,
       2.88228485e+002, 1.78165375e+002, 3.17098724e+002,
       3.92917877e+002, 3.20248596e+002, 3.48260406e+002,
       3.22862549e+002, 3.04614258e+002, 3.25096802e+002,
       2.62927063e+002, 3.27581970e+002, 2.21753464e+002,
       3.30307404e+002, 1.81602966e+002, 6.50494003e+001,
       3.77930939e+002, 6.98012924e+001, 3.34340759e+002,
       7.43286972e+001, 2.91454529e+002, 8.06255722e+001,
       2.49601135e+002, 8.45772705e+001, 2.08611969e+002,
       9.08088913e+001, 1.66713409e+002, 1.04367035e+002,
       3.80665955e+002, 1.08699371e+002, 3.37240784e+002,
       1.14779320e+002, 2.94424896e+002, 1.19613617e+002,
       2.51633621e+002, 1.24259041e+002, 2.09023407e+002,
       1.28868973e+002, 1.68018188e+002, 1.45765244e+002,
       3.84374969e+002, 1.50177673e+002, 3.40167572e+002,
       1.55016953e+002, 2.96293182e+002, 1.60715500e+002,
       2.53572250e+002, 1.64688690e+002, 2.11269913e+002,
       1.69724442e+002, 1.68568146e+002, 1.88534058e+002,
       3.88551941e+002, 1.92914932e+002, 3.43359222e+002,
       1.97477585e+002, 2.98850220e+002, 2.03425613e+002,
       2.55272736e+002, 2.06822479e+002, 2.12676544e+002,
       2.11391907e+002, 1.70180283e+002, 2.32389496e+002,
       3.91842224e+002, 2.36141907e+002, 3.46121552e+002,
       2.40534332e+002, 3.00818909e+002, 2.45125702e+002,
       2.57416046e+002, 2.49487167e+002, 2.14406586e+002,
       2.53295013e+002, 1.71434616e+002, 2.76849365e+002,
       3.95459106e+002, 2.80647797e+002, 3.49266083e+002,
       2.84434204e+002, 3.03682465e+002, 2.88490448e+002,
       2.59363312e+002, 2.92550964e+002, 2.16003464e+002,
       2.95817200e+002, 1.72394958e+002, 3.21905060e+002,
       3.99361206e+002, 3.25476440e+002, 3.52648621e+002,
       3.28820343e+002, 3.06634338e+002, 3.32730286e+002,
       2.61527924e+002, 3.36474609e+002, 2.17358246e+002,
       3.39187714e+002, 1.73516235e+002, 1.10507767e+002,
       4.22043060e+002, 1.14611229e+002, 3.78128265e+002,
       1.20724174e+002, 3.34923645e+002, 1.27577652e+002,
       2.94292694e+002, 1.32178131e+002, 2.52550964e+002,
       1.38170288e+002, 2.11616287e+002, 1.50382645e+002,
       4.25480011e+002, 1.54790451e+002, 3.81521362e+002,
       1.60800339e+002, 3.38514343e+002, 1.67315170e+002,
       2.95817322e+002, 1.71826218e+002, 2.54171631e+002,
       1.76712051e+002, 2.12713760e+002, 1.91021530e+002,
       4.29321655e+002, 1.95688354e+002, 3.84837341e+002,
       2.01711365e+002, 3.40892853e+002, 2.07000397e+002,
       2.98522034e+002, 2.12230148e+002, 2.55692856e+002,
       2.17119904e+002, 2.14416077e+002, 2.33754379e+002,
       4.33901428e+002, 2.38303207e+002, 3.88216217e+002,
       2.43143860e+002, 3.43287781e+002, 2.49116653e+002,
       3.00511810e+002, 2.53564606e+002, 2.58003510e+002,
       2.58265289e+002, 2.15797073e+002, 2.77544800e+002,
       4.37772064e+002, 2.81708862e+002, 3.92018158e+002,
       2.86064270e+002, 3.46611877e+002, 2.91235931e+002,
       3.02781342e+002, 2.95607697e+002, 2.59454865e+002,
       2.99754089e+002, 2.17308884e+002, 3.22407196e+002,
       4.42523529e+002, 3.26167236e+002, 3.95705872e+002,
       3.30248901e+002, 3.49802826e+002, 3.34386566e+002,
       3.05331604e+002, 3.38658173e+002, 2.61647400e+002,
       3.42212982e+002, 2.18439484e+002, 3.67809662e+002,
       4.46520905e+002, 3.71405304e+002, 3.99485931e+002,
       3.74977386e+002, 3.53397003e+002, 3.78777924e+002,
       3.08168182e+002, 3.82313538e+002, 2.63394867e+002,
       3.85592621e+002, 2.19447098e+002 ]
